date,newCasesBySpecimenDate,cumCasesBySpecimenDate,newFirstEpisodesBySpecimenDate,cumFirstEpisodesBySpecimenDate,newReinfectionsBySpecimenDate,cumReinfectionsBySpecimenDate
2021-12-31,188564,13866933,171331,13539438,17233.0,327495.0
2021-12-30,236573,13678369,214661,13368107,21912.0,310262.0
2021-12-29,272790,13441796,248872,13153446,23918.0,288350.0
2021-12-28,212463,13169006,194095,12904574,18368.0,264432.0
2021-12-27,195007,12956543,178958,12710479,16049.0,246064.0
2021-12-26,116276,12761536,107302,12531521,8974.0,230015.0
2021-12-25,70362,12645260,65268,12424219,5094.0,221041.0
2021-12-24,137268,12574898,126197,12358951,11071.0,215947.0
2021-12-23,160632,12437630,147071,12232754,13561.0,204876.0
2021-12-22,161561,12276998,147988,12085683,13573.0,191315.0
2021-12-21,150292,12115437,138180,11937695,12112.0,177742.0
2021-12-20,133966,11965145,123741,11799515,10225.0,165630.0
2021-12-19,89129,11831179,82730,11675774,6399.0,155405.0
2021-12-18,88883,11742050,82663,11593044,6220.0,149006.0
2021-12-17,95879,11653167,89019,11510381,6860.0,142786.0
2021-12-16,106047,11557288,98510,11421362,7537.0,135926.0
2021-12-15,112699,11451241,105034,11322852,7665.0,128389.0
2021-12-14,102786,11338542,96336,11217818,6450.0,120724.0
2021-12-13,87170,11235756,82827,11121482,4343.0,114274.0
2021-12-12,53157,11148586,51122,11038655,2035.0,109931.0
2021-12-11,48594,11095429,47010,10987533,1584.0,107896.0
2021-12-10,52491,11046835,50848,10940523,1643.0,106312.0
2021-12-09,56994,10994344,55241,10889675,1753.0,104669.0
2021-12-08,58825,10937350,57187,10834434,1638.0,102916.0
2021-12-07,56252,10878525,54826,10777247,1426.0,101278.0
2021-12-06,59692,10822273,58419,10722421,1273.0,99852.0
2021-12-05,41051,10762581,40375,10664002,676.0,98579.0
2021-12-04,38782,10721530,38139,10623627,643.0,97903.0
2021-12-03,45667,10682748,44985,10585488,682.0,97260.0
2021-12-02,50320,10637081,49567,10540503,753.0,96578.0
2021-12-01,54819,10586761,54015,10490936,804.0,95825.0
2021-11-30,55694,10531942,54896,10436921,798.0,95021.0
2021-11-29,56290,10476248,55436,10382025,854.0,94223.0
2021-11-28,39704,10419958,39192,10326589,512.0,93369.0
2021-11-27,33300,10380254,32878,10287397,422.0,92857.0
2021-11-26,39329,10346954,38803,10254519,526.0,92435.0
2021-11-25,43424,10307625,42803,10215716,621.0,91909.0
2021-11-24,46771,10264201,46103,10172913,668.0,91288.0
2021-11-23,48197,10217430,47554,10126810,643.0,90620.0
2021-11-22,50733,10169233,50067,10079256,666.0,89977.0
2021-11-21,37252,10118500,36794,10029189,458.0,89311.0
2021-11-20,35335,10081248,34891,9992395,444.0,88853.0
2021-11-19,39608,10045913,39135,9957504,473.0,88409.0
2021-11-18,44061,10006305,43463,9918369,598.0,87936.0
2021-11-17,45894,9962244,45300,9874906,594.0,87338.0
2021-11-16,46429,9916350,45771,9829606,658.0,86744.0
2021-11-15,50949,9869921,50235,9783835,714.0,86086.0
2021-11-14,35530,9818972,35119,9733600,411.0,85372.0
2021-11-13,32883,9783442,32512,9698481,371.0,84961.0
2021-11-12,37765,9750559,37277,9665969,488.0,84590.0
2021-11-11,40999,9712794,40426,9628692,573.0,84102.0
2021-11-10,42942,9671795,42384,9588266,558.0,83529.0
2021-11-09,42246,9628853,41675,9545882,571.0,82971.0
2021-11-08,44128,9586607,43509,9504207,619.0,82400.0
2021-11-07,30586,9542479,30199,9460698,387.0,81781.0
2021-11-06,27436,9511893,27090,9430499,346.0,81394.0
2021-11-05,30318,9484457,29889,9403409,429.0,81048.0
2021-11-04,33660,9454139,33238,9373520,422.0,80619.0
2021-11-03,35986,9420479,35526,9340282,460.0,80197.0
2021-11-02,38019,9384493,37530,9304756,489.0,79737.0
2021-11-01,45109,9346474,44486,9267226,623.0,79248.0
2021-10-31,34814,9301365,34366,9222740,448.0,78625.0
2021-10-30,33569,9266551,33221,9188374,348.0,78177.0
2021-10-29,40251,9232982,39750,9155153,501.0,77829.0
2021-10-28,41391,9192731,40875,9115403,516.0,77328.0
2021-10-27,43045,9151340,42538,9074528,507.0,76812.0
2021-10-26,42124,9108295,41630,9031990,494.0,76305.0
2021-10-25,47465,9066171,46885,8990360,580.0,75811.0
2021-10-24,35765,9018706,35368,8943475,397.0,75231.0
2021-10-23,35103,8982941,34720,8908107,383.0,74834.0
2021-10-22,40665,8947838,40183,8873387,482.0,74451.0
2021-10-21,45193,8907173,44653,8833204,540.0,73969.0
2021-10-20,51661,8861980,51102,8788551,559.0,73429.0
2021-10-19,52529,8810319,51909,8737449,620.0,72870.0
2021-10-18,57743,8757790,57038,8685540,705.0,72250.0
2021-10-17,43753,8700047,43308,8628502,445.0,71545.0
2021-10-16,37878,8656294,37483,8585194,395.0,71100.0
2021-10-15,43559,8618416,43096,8547711,463.0,70705.0
2021-10-14,46420,8574857,45876,8504615,544.0,70242.0
2021-10-13,47773,8528437,47239,8458739,534.0,69698.0
2021-10-12,48320,8480664,47726,8411500,594.0,69164.0
2021-10-11,50304,8432344,49762,8363774,542.0,68570.0
2021-10-10,36418,8382040,36028,8314012,390.0,68028.0
2021-10-09,32306,8345622,31945,8277984,361.0,67638.0
2021-10-08,35611,8313316,35194,8246039,417.0,67277.0
2021-10-07,38465,8277705,38024,8210845,441.0,66860.0
2021-10-06,39264,8239240,38826,8172821,438.0,66419.0
2021-10-05,39278,8199976,38810,8133995,468.0,65981.0
2021-10-04,43734,8160698,43267,8095185,467.0,65513.0
2021-10-03,32058,8116964,31718,8051918,340.0,65046.0
2021-10-02,26316,8084906,26051,8020200,265.0,64706.0
2021-10-01,29058,8058590,28750,7994149,308.0,64441.0
2021-09-30,32605,8029532,32229,7965399,376.0,64133.0
2021-09-29,34836,7996927,34442,7933170,394.0,63757.0
2021-09-28,36547,7962091,36106,7898728,441.0,63363.0
2021-09-27,41589,7925544,41093,7862622,496.0,62922.0
2021-09-26,32083,7883955,31689,7821529,394.0,62426.0
2021-09-25,28566,7851872,28240,7789840,326.0,62032.0
2021-09-24,32109,7823306,31718,7761600,391.0,61706.0
2021-09-23,35851,7791197,35357,7729882,494.0,61315.0
2021-09-22,36757,7755346,36307,7694525,450.0,60821.0
2021-09-21,38848,7718589,38395,7658218,453.0,60371.0
2021-09-20,40768,7679741,40264,7619823,504.0,59918.0
2021-09-19,31084,7638973,30712,7579559,372.0,59414.0
2021-09-18,26645,7607889,26350,7548847,295.0,59042.0
2021-09-17,29479,7581244,29137,7522497,342.0,58747.0
2021-09-16,29709,7551765,29349,7493360,360.0,58405.0
2021-09-15,30414,7522056,30060,7464011,354.0,58045.0
2021-09-14,31434,7491642,31042,7433951,392.0,57691.0
2021-09-13,34658,7460208,34230,7402909,428.0,57299.0
2021-09-12,24060,7425550,23768,7368679,292.0,56871.0
2021-09-11,23533,7401490,23250,7344911,283.0,56579.0
2021-09-10,29187,7377957,28816,7321661,371.0,56296.0
2021-09-09,33974,7348770,33556,7292845,418.0,55925.0
2021-09-08,35849,7314796,35349,7259289,500.0,55507.0
2021-09-07,38620,7278947,38138,7223940,482.0,55007.0
2021-09-06,44927,7240327,44345,7185802,582.0,54525.0
2021-09-05,31803,7195400,31422,7141457,381.0,53943.0
2021-09-04,31810,7163597,31442,7110035,368.0,53562.0
2021-09-03,38630,7131787,38170,7078593,460.0,53194.0
2021-09-02,42329,7093157,41773,7040423,556.0,52734.0
2021-09-01,43533,7050828,42997,6998650,536.0,52178.0
2021-08-31,45212,7007295,44611,6955653,601.0,51642.0
2021-08-30,34773,6962083,34321,6911042,452.0,51041.0
2021-08-29,26135,6927310,25815,6876721,320.0,50589.0
2021-08-28,27599,6901175,27291,6850906,308.0,50269.0
2021-08-27,33743,6873576,33334,6823615,409.0,49961.0
2021-08-26,37613,6839833,37118,6790281,495.0,49552.0
2021-08-25,38777,6802220,38294,6753163,483.0,49057.0
2021-08-24,37682,6763443,37177,6714869,505.0,48574.0
2021-08-23,39715,6725761,39224,6677692,491.0,48069.0
2021-08-22,28743,6686046,28434,6638468,309.0,47578.0
2021-08-21,28533,6657303,28212,6610034,321.0,47269.0
2021-08-20,32231,6628770,31821,6581822,410.0,46948.0
2021-08-19,36500,6596539,36001,6550001,499.0,46538.0
2021-08-18,38739,6560039,38206,6514000,533.0,46039.0
2021-08-17,37919,6521300,37351,6475794,568.0,45506.0
2021-08-16,36907,6483381,36408,6438443,499.0,44938.0
2021-08-15,25326,6446474,25033,6402035,293.0,44439.0
2021-08-14,25057,6421148,24785,6377002,272.0,44146.0
2021-08-13,28973,6396091,28617,6352217,356.0,43874.0
2021-08-12,31726,6367118,31285,6323600,441.0,43518.0
2021-08-11,33349,6335392,32934,6292315,415.0,43077.0
2021-08-10,31518,6302043,31067,6259381,451.0,42662.0
2021-08-09,32162,6270525,31697,6228314,465.0,42211.0
2021-08-08,22887,6238363,22610,6196617,277.0,41746.0
2021-08-07,22540,6215476,22243,6174007,297.0,41469.0
2021-08-06,28036,6192936,27647,6151764,389.0,41172.0
2021-08-05,31659,6164900,31248,6124117,411.0,40783.0
2021-08-04,32338,6133241,31893,6092869,445.0,40372.0
2021-08-03,30472,6100903,30074,6060976,398.0,39927.0
2021-08-02,29840,6070431,29419,6030902,421.0,39529.0
2021-08-01,20985,6040591,20723,6001483,262.0,39108.0
2021-07-31,20569,6019606,20270,5980760,299.0,38846.0
2021-07-30,24749,5999037,24404,5960490,345.0,38547.0
2021-07-29,28432,5974288,28050,5936086,382.0,38202.0
2021-07-28,30237,5945856,29831,5908036,406.0,37820.0
2021-07-27,29581,5915619,29156,5878205,425.0,37414.0
2021-07-26,29980,5886038,29571,5849049,409.0,36989.0
2021-07-25,22188,5856058,21908,5819478,280.0,36580.0
2021-07-24,22853,5833870,22569,5797570,284.0,36300.0
2021-07-23,27769,5811017,27429,5775001,340.0,36016.0
2021-07-22,31278,5783248,30912,5747572,366.0,35676.0
2021-07-21,35548,5751970,35128,5716660,420.0,35310.0
2021-07-20,39877,5716422,39298,5681532,579.0,34890.0
2021-07-19,47924,5676545,47294,5642234,630.0,34311.0
2021-07-18,36181,5628621,35758,5594940,423.0,33681.0
2021-07-17,38475,5592440,38067,5559182,408.0,33258.0
2021-07-16,55263,5553965,54603,5521115,660.0,32850.0
2021-07-15,61999,5498702,61196,5466512,803.0,32190.0
2021-07-14,54909,5436703,54192,5405316,717.0,31387.0
2021-07-13,47706,5381794,47071,5351124,635.0,30670.0
2021-07-12,44513,5334088,43955,5304053,558.0,30035.0
2021-07-11,30503,5289575,30186,5260098,317.0,29477.0
2021-07-10,28379,5259072,28062,5229912,317.0,29160.0
2021-07-09,32803,5230693,32398,5201850,405.0,28843.0
2021-07-08,34016,5197890,33592,5169452,424.0,28438.0
2021-07-07,38597,5163874,38089,5135860,508.0,28014.0
2021-07-06,36060,5125277,35595,5097771,465.0,27506.0
2021-07-05,34919,5089217,34415,5062176,504.0,27041.0
2021-07-04,25170,5054298,24850,5027761,320.0,26537.0
2021-07-03,24010,5029128,23711,5002911,299.0,26217.0
2021-07-02,26340,5005118,25980,4979200,360.0,25918.0
2021-07-01,28794,4978778,28312,4953220,482.0,25558.0
2021-06-30,28923,4949984,28521,4924908,402.0,25076.0
2021-06-29,28199,4921061,27789,4896387,410.0,24674.0
2021-06-28,28418,4892862,27940,4868598,478.0,24264.0
2021-06-27,18502,4864444,18226,4840658,276.0,23786.0
2021-06-26,16301,4845942,16059,4822432,242.0,23510.0
2021-06-25,18169,4829641,17866,4806373,303.0,23268.0
2021-06-24,18712,4811472,18404,4788507,308.0,22965.0
2021-06-23,18350,4792760,18023,4770103,327.0,22657.0
2021-06-22,17403,4774410,17097,4752080,306.0,22330.0
2021-06-21,16307,4757007,16033,4734983,274.0,22024.0
2021-06-20,10088,4740700,9927,4718950,161.0,21750.0
2021-06-19,8446,4730612,8299,4709023,147.0,21589.0
2021-06-18,10320,4722166,10099,4700724,221.0,21442.0
2021-06-17,11106,4711846,10856,4690625,250.0,21221.0
2021-06-16,11052,4700740,10857,4679769,195.0,20971.0
2021-06-15,10796,4689688,10561,4668912,235.0,20776.0
2021-06-14,10362,4678892,10171,4658351,191.0,20541.0
2021-06-13,7135,4668530,7009,4648180,126.0,20350.0
2021-06-12,6284,4661395,6163,4641171,121.0,20224.0
2021-06-11,7619,4655111,7466,4635008,153.0,20103.0
2021-06-10,8042,4647492,7881,4627542,161.0,19950.0
2021-06-09,8210,4639450,8071,4619661,139.0,19789.0
2021-06-08,7896,4631240,7720,4611590,176.0,19650.0
2021-06-07,7945,4623344,7789,4603870,156.0,19474.0
2021-06-06,5533,4615399,5432,4596081,101.0,19318.0
2021-06-05,4731,4609866,4661,4590649,70.0,19217.0
2021-06-04,5860,4605135,5758,4585988,102.0,19147.0
2021-06-03,6256,4599275,6129,4580230,127.0,19045.0
2021-06-02,6168,4593019,6072,4574101,96.0,18918.0
2021-06-01,5431,4586851,5286,4568029,145.0,18822.0
2021-05-31,3897,4581420,3802,4562743,95.0,18677.0
2021-05-30,3164,4577523,3106,4558941,58.0,18582.0
2021-05-29,3000,4574359,2953,4555835,47.0,18524.0
2021-05-28,3589,4571359,3508,4552882,81.0,18477.0
2021-05-27,3747,4567770,3648,4549374,99.0,18396.0
2021-05-26,3921,4564023,3831,4545726,90.0,18297.0
2021-05-25,3427,4560102,3329,4541895,98.0,18207.0
2021-05-24,3368,4556675,3265,4538566,103.0,18109.0
2021-05-23,2326,4553307,2262,4535301,64.0,18006.0
2021-05-22,2000,4550981,1941,4533039,59.0,17942.0
2021-05-21,2365,4548981,2309,4531098,56.0,17883.0
2021-05-20,2517,4546616,2432,4528789,85.0,17827.0
2021-05-19,2812,4544099,2736,4526357,76.0,17742.0
2021-05-18,2812,4541287,2725,4523621,87.0,17666.0
2021-05-17,2858,4538475,2765,4520896,93.0,17579.0
2021-05-16,1922,4535617,1866,4518131,56.0,17486.0
2021-05-15,1626,4533695,1583,4516265,43.0,17430.0
2021-05-14,1936,4532069,1864,4514682,72.0,17387.0
2021-05-13,2182,4530133,2112,4512818,70.0,17315.0
2021-05-12,2334,4527951,2243,4510706,91.0,17245.0
2021-05-11,2328,4525617,2251,4508463,77.0,17154.0
2021-05-10,2808,4523289,2725,4506212,83.0,17077.0
2021-05-09,2307,4520481,2229,4503487,78.0,16994.0
2021-05-08,1608,4518174,1561,4501258,47.0,16916.0
2021-05-07,1981,4516566,1909,4499697,72.0,16869.0
2021-05-06,2325,4514585,2235,4497788,90.0,16797.0
2021-05-05,2569,4512260,2468,4495553,101.0,16707.0
2021-05-04,2551,4509691,2460,4493085,91.0,16606.0
2021-05-03,2084,4507140,2024,4490625,60.0,16515.0
2021-05-02,1521,4505056,1467,4488601,54.0,16455.0
2021-05-01,1431,4503535,1379,4487134,52.0,16401.0
2021-04-30,1825,4502104,1741,4485755,84.0,16349.0
2021-04-29,2230,4500279,2139,4484014,91.0,16265.0
2021-04-28,2499,4498049,2415,4481875,84.0,16174.0
2021-04-27,2177,4495550,2105,4479460,72.0,16090.0
2021-04-26,2627,4493373,2513,4477355,114.0,16018.0
2021-04-25,2119,4490746,2046,4474842,73.0,15904.0
2021-04-24,1564,4488627,1514,4472796,50.0,15831.0
2021-04-23,2020,4487063,1931,4471282,89.0,15781.0
2021-04-22,2409,4485043,2300,4469351,109.0,15692.0
2021-04-21,2709,4482634,2614,4467051,95.0,15583.0
2021-04-20,2541,4479925,2417,4464437,124.0,15488.0
2021-04-19,2738,4477384,2634,4462020,104.0,15364.0
2021-04-18,2584,4474646,2511,4459386,73.0,15260.0
2021-04-17,1722,4472062,1678,4456875,44.0,15187.0
2021-04-16,2347,4470340,2275,4455197,72.0,15143.0
2021-04-15,2345,4467993,2260,4452922,85.0,15071.0
2021-04-14,2512,4465648,2433,4450662,79.0,14986.0
2021-04-13,2495,4463136,2402,4448229,93.0,14907.0
2021-04-12,2880,4460641,2785,4445827,95.0,14814.0
2021-04-11,2376,4457761,2334,4443042,42.0,14719.0
2021-04-10,2380,4455385,2333,4440708,47.0,14677.0
2021-04-09,2952,4453005,2876,4438375,76.0,14630.0
2021-04-08,3147,4450053,3057,4435499,90.0,14554.0
2021-04-07,3253,4446906,3170,4432442,83.0,14464.0
2021-04-06,3312,4443653,3222,4429272,90.0,14381.0
2021-04-05,2744,4440341,2681,4426050,63.0,14291.0
2021-04-04,2413,4437597,2367,4423369,46.0,14228.0
2021-04-03,2506,4435184,2478,4421002,28.0,14182.0
2021-04-02,2747,4432678,2701,4418524,46.0,14154.0
2021-04-01,3674,4429931,3600,4415823,74.0,14108.0
2021-03-31,3967,4426257,3899,4412223,68.0,14034.0
2021-03-30,3779,4422290,3702,4408324,77.0,13966.0
2021-03-29,4196,4418511,4113,4404622,83.0,13889.0
2021-03-28,5029,4414315,4959,4400509,70.0,13806.0
2021-03-27,3731,4409286,3683,4395550,48.0,13736.0
2021-03-26,4567,4405555,4506,4391867,61.0,13688.0
2021-03-25,5616,4400988,5534,4387361,82.0,13627.0
2021-03-24,6224,4395372,6131,4381827,93.0,13545.0
2021-03-23,5481,4389148,5399,4375696,82.0,13452.0
2021-03-22,6458,4383667,6378,4370297,80.0,13370.0
2021-03-21,5388,4377209,5325,4363919,63.0,13290.0
2021-03-20,4246,4371821,4205,4358594,41.0,13227.0
2021-03-19,5176,4367575,5111,4354389,65.0,13186.0
2021-03-18,5623,4362399,5575,4349278,48.0,13121.0
2021-03-17,5976,4356776,5913,4343703,63.0,13073.0
2021-03-16,5849,4350800,5791,4337790,58.0,13010.0
2021-03-15,6697,4344951,6633,4331999,64.0,12952.0
2021-03-14,4425,4338254,4384,4325366,41.0,12888.0
2021-03-13,4379,4333829,4341,4320982,38.0,12847.0
2021-03-12,5716,4329450,5664,4316641,52.0,12809.0
2021-03-11,5933,4323734,5876,4310977,57.0,12757.0
2021-03-10,6251,4317801,6173,4305101,78.0,12700.0
2021-03-09,6487,4311550,6385,4298928,102.0,12622.0
2021-03-08,6890,4305063,6790,4292543,100.0,12520.0
2021-03-07,4410,4298173,4371,4285753,39.0,12420.0
2021-03-06,4628,4293763,4592,4281382,36.0,12381.0
2021-03-05,5467,4289135,5409,4276790,58.0,12345.0
2021-03-04,5937,4283668,5862,4271381,75.0,12287.0
2021-03-03,6172,4277731,6102,4265519,70.0,12212.0
2021-03-02,6919,4271559,6802,4259417,117.0,12142.0
2021-03-01,7191,4264640,7043,4252615,148.0,12025.0
2021-02-28,4873,4257449,4826,4245572,47.0,11877.0
2021-02-27,4949,4252576,4910,4240746,39.0,11830.0
2021-02-26,6783,4247627,6715,4235836,68.0,11791.0
2021-02-25,8025,4240844,7901,4229121,124.0,11723.0
2021-02-24,8845,4232819,8732,4221220,113.0,11599.0
2021-02-23,9762,4223974,9632,4212488,130.0,11486.0
2021-02-22,11655,4214212,11474,4202856,181.0,11356.0
2021-02-21,8097,4202557,8043,4191382,54.0,11175.0
2021-02-20,8312,4194460,8247,4183339,65.0,11121.0
2021-02-19,10728,4186148,10604,4175092,124.0,11056.0
2021-02-18,11794,4175420,11680,4164488,114.0,10932.0
2021-02-17,11942,4163626,11815,4152808,127.0,10818.0
2021-02-16,12941,4151684,12820,4140993,121.0,10691.0
2021-02-15,14735,4138743,14561,4128173,174.0,10570.0
2021-02-14,8994,4124008,8945,4113612,49.0,10396.0
2021-02-13,9034,4115014,8977,4104667,57.0,10347.0
2021-02-12,12573,4105980,12459,4095690,114.0,10290.0
2021-02-11,13139,4093407,13052,4083231,87.0,10176.0
2021-02-10,13899,4080268,13780,4070179,119.0,10089.0
2021-02-09,14225,4066369,14096,4056399,129.0,9970.0
2021-02-08,16194,4052144,16079,4042303,115.0,9841.0
2021-02-07,11664,4035950,11619,4026224,45.0,9726.0
2021-02-06,12320,4024286,12265,4014605,55.0,9681.0
2021-02-05,16308,4011966,16203,4002340,105.0,9626.0
2021-02-04,18492,3995658,18395,3986137,97.0,9521.0
2021-02-03,19914,3977166,19788,3967742,126.0,9424.0
2021-02-02,20267,3957252,20152,3947954,115.0,9298.0
2021-02-01,22971,3936985,22852,3927802,119.0,9183.0
2021-01-31,15783,3914014,15726,3904950,57.0,9064.0
2021-01-30,17167,3898231,17098,3889224,69.0,9007.0
2021-01-29,22433,3881064,22329,3872126,104.0,8938.0
2021-01-28,24772,3858631,24659,3849797,113.0,8834.0
2021-01-27,26303,3833859,26190,3825138,113.0,8721.0
2021-01-26,27730,3807556,27588,3798948,142.0,8608.0
2021-01-25,30736,3779826,30588,3771360,148.0,8466.0
2021-01-24,17554,3749090,17512,3740772,42.0,8318.0
2021-01-23,22344,3731536,22270,3723260,74.0,8276.0
2021-01-22,30330,3709192,30208,3700990,122.0,8202.0
2021-01-21,32501,3678862,32370,3670782,131.0,8080.0
2021-01-20,35985,3646361,35824,3638412,161.0,7949.0
2021-01-19,40526,3610376,40342,3602588,184.0,7788.0
2021-01-18,45956,3569850,45752,3562246,204.0,7604.0
2021-01-17,29592,3523894,29507,3516494,85.0,7400.0
2021-01-16,31248,3494302,31160,3486987,88.0,7315.0
2021-01-15,41450,3463054,41313,3455827,137.0,7227.0
2021-01-14,43473,3421604,43317,3414514,156.0,7090.0
2021-01-13,46506,3378131,46377,3371197,129.0,6934.0
2021-01-12,50647,3331625,50435,3324820,212.0,6805.0
2021-01-11,58591,3280978,58380,3274385,211.0,6593.0
2021-01-10,37174,3222387,37105,3216005,69.0,6382.0
2021-01-09,40035,3185213,39952,3178900,83.0,6313.0
2021-01-08,48104,3145178,47958,3138948,146.0,6230.0
2021-01-07,53187,3097074,53040,3090990,147.0,6084.0
2021-01-06,58783,3043887,58627,3037950,156.0,5937.0
2021-01-05,66636,2985104,66435,2979323,201.0,5781.0
2021-01-04,77970,2918468,77772,2912888,198.0,5580.0
2021-01-03,56333,2840498,56246,2835116,87.0,5382.0
2021-01-02,61654,2784165,61558,2778870,96.0,5295.0
2021-01-01,32482,2722511,32428,2717312,54.0,5199.0
